0 0.5
1 0.6
2 0.7
3 0.9
4 1.1
5 1.3
6 1.5
7 1.8
8 2.1
9 2.5
10 3.0
11 3.5
12 4.0
13 4.7
14 5.5
15 6.3
16 7.3
17 8.4
18 9.7
19 11.1
20 12.7
21 14.5
22 16.5
23 18.7
24 21.2
25 24.0
26 27.1
27 30.6
28 34.4
29 38.7
30 43.4
31 48.6
32 54.3
33 60.6
34 67.6
35 75.2
36 83.6
37 92.8
38 103
39 114
40 126
41 139
42 153
43 169
44 186
45 204
46 224
47 246
48 269
49 295
50 322
51 352
52 384
53 419
54 456
55 496
56 540
57 586
58 636
59 690
60 748
61 810
62 876
63 947
64 1020
65 1100
66 1190
67 1280
68 1380
69 1490
70 1600
71 1720
72 1850
73 1990
74 2130
75 2280
76 2450
77 2620
78 2810
79 3000
80 3210
81 3430
82 3660
83 3910
84 4170
85 4450
86 4740
87 5050
88 5370
89 5720
90 6080
91 6470
92 6870
93 7300
94 7750
95 8220
96 8720
97 9250
98 9800
99 10400
100 11000
101 11600
102 12300
103 13000
104 13800
105 14600
106 15400
107 16200
108 17100
109 18100
110 19100
111 20100
112 21200
113 22400
114 23500
115 24800
116 26100
117 27500
118 28900
119 30400
120 32000
121 33600
122 35300
123 37100
124 38900
125 40900
126 42900
127 45000
