0 13.75
1 14.57
2 15.43
3 16.35
4 17.32
5 18.35
6 19.45
7 20.60
8 21.83
9 23.12
10 24.50
11 25.96
12 27.50
13 29.14
14 30.87
15 32.70
16 34.65
17 36.71
18 38.89
19 41.20
20 43.65
21 46.25
22 49.00
23 51.91
24 55.00
25 58.27
26 61.74
27 65.41
28 69.30
29 73.42
30 77.78
31 82.41
32 87.31
33 92.50
34 98.00
35 103.8
36 110.0
37 116.5
38 123.5
39 130.8
40 138.6
41 146.8
42 155.8
43 164.8
44 174.6
45 185.0
46 196.0
47 207.7
48 220.0
49 233.1
50 246.9
51 261.8
52 277.2
53 293.7
54 311.1
55 329.6
56 349.2
57 370.0
58 392.0
59 415.3
60 440.0
61 466.2
62 493.9
63 523.3
64 554.4
65 587.3
66 622.3
67 659.3
68 698.5
69 740.0
70 784.0
71 830.6
72 880.0
73 932.3
74 987.8
75 1050.
76 1110.
77 1170.
78 1240.
79 1320.
80 1400.
81 1480.
82 1570.
83 1660.
84 1760.
85 1860.
86 1980.
87 2090.
88 2220.
89 2350.
90 2490.
91 2640.
92 2790.
93 2960.
94 3140.
95 3320.
96 3520.
97 3730.
98 3950.
99 4190.
100 4430.
101 4700.
102 4980.
103 5270.
104 5590.
105 5920.
106 6270.
107 6640.
108 7040.
109 7460.
110 7900.
111 8370.
112 8870.
113 9400.
114 9960.
115 10500.
116 11200.
117 11800.
118 12500.
119 13300.
120 14100.
121 14900.
122 15800.
123 16700.
124 17700.
125 18800.
126 19900.
127 21100.
