0 -64
1 -63
2 -62
3 -61
4 -60
5 -59
6 -58
7 -57
8 -56
9 -55
10 -54
11 -53
12 -52
13 -51
14 -50
15 -49
16 -48
17 -47
18 -46
19 -45
20 -44
21 -43
22 -42
23 -41
24 -40
25 -39
26 -38
27 -37
28 -36
29 -35
30 -34
31 -33
32 -32
33 -31
34 -30
35 -29
36 -28
37 -27
38 -26
39 -25
40 -24
41 -23
42 -22
43 -21
44 -20
45 -19
46 -18
47 -17
48 -16
49 -15
50 -14
51 -13
52 -12
53 -11
54 -10
55 -9
56 -8
57 -7
58 -6
59 -5
60 -4
61 -3
62 -2
63 -1
64 +0
65 +1
66 +2
67 +3
68 +4
69 +5
70 +6
71 +7
72 +8
73 +9
74 +10
75 +11
76 +12
77 +13
78 +14
79 +15
80 +16
81 +17
82 +18
83 +19
84 +20
85 +21
86 +22
87 +23
88 +24
89 +25
90 +26
91 +27
92 +28
93 +29
94 +30
95 +31
96 +32
97 +33
98 +34
99 +35
100 +36
101 +37
102 +38
103 +39
104 +40
105 +41
106 +42
107 +43
108 +44
109 +45
110 +46
111 +47
112 +48
113 +49
114 +50
115 +51
116 +52
117 +53
118 +54
119 +55
120 +56
121 +57
122 +58
123 +59
124 +60
125 +61
126 +62
127 +63
