0 0.2
1 0.2
2 0.3
3 0.4
4 0.5
5 0.6
6 0.7
7 0.9
8 1.0
9 1.2
10 1.4
11 1.7
12 2.0
13 2.3
14 2.7
15 3.1
16 3.6
17 4.2
18 4.8
19 5.5
20 6.3
21 7.2
22 8.2
23 9.3
24 11.0
25 12.0
26 14.0
27 15.0
28 17.0
29 19.0
30 22.0
31 24.0
32 27.0
33 30.0
34 34.0
35 38.0
36 42.0
37 46.0
38 51.0
39 57.0
40 63.0
41 69.0
42 77.0
43 84.0
44 93.0
45 102.0
46 112.0
47 123.0
48 135.0
49 147.0
50 161.0
51 176.0
52 192.0
53 209.0
54 228.0
55 248.0
56 270.0
57 293.0
58 318.0
59 345.0
60 374.0
61 405.0
62 438.0
63 473.0
64 511.0
65 552.0
66 595.0
67 642.0
68 691.0
69 744.0
70 800.0
71 860.0
72 924.0
73 992.0
74 1100.0
75 1100.0
76 1200.0
77 1300.0
78 1400.0
79 1500.0
80 1600.0
81 1700.0
82 1800.0
83 2000.0
84 2100.0
85 2200.0
86 2400.0
87 2500.0
88 2700.0
89 2900.0
90 3000.0
91 3200.0
92 3400.0
93 3600.0
94 3900.0
95 4100.0
96 4400.0
97 4600.0
98 4900.0
99 5200.0
100 5500.0
101 5800.0
102 6100.0
103 6500.0
104 6900.0
105 7300.0
106 7700.0
107 8000.0
108 8600.0
109 9000.0
110 9500.0
111 10100.0
112 10600.0
113 11100.0
114 11700.0
115 12400.0
116 13000.0
117 13700.0
118 14400.0
119 15200.0
120 15800.0
121 16800.0
122 17500.0
123 18300.0
124 19200.0
125 20200.0
126 21200.0
127 22400.0
