0  0.00
1  0.01
2  0.02
3  0.03
4  0.04
5  0.05
6  0.06
7  0.07
8  0.08
9  0.09
10 0.10
11 0.11
12 0.13
13 0.14
14 0.15
15 0.16
16 0.17
17 0.18
18 0.19
19 0.20
20 0.21
21 0.22
22 0.23
23 0.24
24 0.25
25 0.26
26 0.27
27 0.28
28 0.29
29 0.30
30 0.31
31 0.32
32 0.33
33 0.34
34 0.35
35 0.37
36 0.38
37 0.39
38 0.41
39 0.42
40 0.44
41 0.45
42 0.47
43 0.48
44 0.50
45 0.52
46 0.54
47 0.55
48 0.57
49 0.59
50 0.62
51 0.64
52 0.66
53 0.68
54 0.71
55 0.73
56 0.76
57 0.78
58 0.81
59 0.84
60 0.87
61 0.90
62 0.93
63 0.97
64 1.00
65 1.02
66 1.04
67 1.07
68 1.09
69 1.11
70 1.14
71 1.16
72 1.19
73 1.22
74 1.24
75 1.27
76 1.30
77 1.33
78 1.35
79 1.38
80 1.41
81 1.45
82 1.48
83 1.51
84 1.54
85 1.58
86 1.61
87 1.65
88 1.68
89 1.72
90 1.76
91 1.79
92 1.83
93 1.87
94 1.92
95 1.96
96 2.00
97 2.05
98 2.09
99 2.14
10 2.19
10 2.24
10 2.29
10 2.34
10 2.39
10 2.45
10 2.50
10 2.56
10 2.62
10 2.67
11 2.74
11 2.80
11 2.86
11 2.92
11 2.99
11 3.06
11 3.13
11 3.20
11 3.27
11 3.34
12 3.42
12 3.50
12 3.58
12 3.66
12 3.74
12 3.83
12 3.91
12 4.00
