0 1.04
1 1.11
2 1.19
3 1.28
4 1.37
5 1.47
6 1.57
7 1.69
8 1.81
9 1.94
10 2.08
11 2.23
12 2.39
13 2.56
14 2.75
15 2.94
16 3.16
17 3.38
18 3.63
19 3.89
20 4.17
21 4.48
22 4.80
23 5.15
24 5.52
25 5.93
26 6.36
27 6.82
28 7.32
29 7.85
30 8.42
31 9.04
32 9.70
33 10.4
34 11.2
35 12.0
36 12.9
37 13.8
38 14.8
39 15.9
40 17.1
41 18.3
42 19.7
43 21.1
44 22.7
45 24.4
46 26.2
47 28.1
48 30.2
49 32.4
50 34.8
51 37.4
52 40.2
53 43.2
54 46.4
55 49.8
56 53.5
57 57.5
58 61.8
59 66.4
60 71.3
61 76.7
62 82.4
63 88.6
64 95.2
65 102.
66 110.
67 118.
68 127.
69 137.
70 147.
71 158.
72 170.
73 183.
74 196.
75 211.
76 227.
77 244.
78 263.
79 283.
80 304.
81 327.
82 352.
83 379.
84 408.
85 439.
86 472.
87 508.
88 547.
89 588.
90 633.
91 681.
92 734.
93 790.
94 850.
95 915.
96 985.
97 1070.
98 1150.
99 1240.
100 1330.
101 1430.
102 1540.
103 1660.
104 1790.
105 1930.
106 2070.
107 2230.
108 2410.
109 2590.
110 2790.
111 3010.
112 3240.
113 3490.
114 3760.
115 4060.
116 4370.
117 4710.
118 5080.
119 5480.
120 5900.
121 6360.
122 6860.
123 7400.
124 7980.
125 8600.
126 9280.
127 10000.
