0 0.26Hz
1 0.27Hz
2 0.29Hz
3 0.30Hz
4 0.32Hz
5 0.34Hz
6 0.36Hz
7 0.38Hz
8 0.41Hz
9 0.43Hz
10 0.46
11 0.48
12 0.51
13 0.54
14 0.57
15 0.61
16 0.64
17 0.68
18 0.72
19 0.77
20 0.81
21 0.86
22 0.91
23 0.96
24 1.02
25 1.08
26 1.15
27 1.22
28 1.29
29 1.36
30 1.45
31 1.53
32 1.62
33 1.72
34 1.82
35 1.93
36 2.04
37 2.17
38 2.29
39 2.43
40 2.58
41 2.73
42 2.89
43 3.06
44 3.24
45 3.44
46 3.64
47 3.86
48 4.09
49 4.33
50 4.59
51 4.86
52 5.15
53 5.46
54 5.78
55 6.13
56 6.49
57 6.88
58 7.28
59 7.72
60 8.18
61 8.66
62 9.18
63 9.72
64 10.3
65 10.9
66 11.6
67 12.3
68 13.0
69 13.8
70 14.6
71 15.4
72 16.4
73 17.3
74 18.4
75 19.4
76 20.6
77 21.8
78 23.1
79 24.5
80 26.0
81 27.5
82 29.1
83 30.9
84 32.7
85 34.6
86 36.7
87 38.9
88 41.2
89 43.7
90 46.3
91 49.0
92 51.9
93 55.0
94 58.3
95 61.7
96 65.4
97 69.3
98 73.4
99 77.8
100 82.4
101 87.3
102 92.5
103 98.0
104 104
105 110
106 117
107 123
108 131
109 139
110 147
111 156
112 165
113 175
114 185
115 196
116 208
117 220
118 233
119 247
120 262
121 277
122 294
123 311
124 330
125 349
126 370
127 392
