0 0.015898
1 0.016835
2 0.017857
3 0.018904
4 0.020040
5 0.021231
6 0.022472
7 0.023810
8 0.025253
9 0.026738
10 0.028329
11 0.030030
12 0.031847
13 0.033670
14 0.035714
15 0.037879
16 0.040000
17 0.042373
18 0.045045
19 0.047619
20 0.050505
21 0.053476
22 0.056818
23 0.059880
24 0.063694
25 0.067568
26 0.071429
27 0.075758
28 0.080000
29 0.084746
30 0.090090
31 0.095238
32 0.10
33 0.11
34 0.11
35 0.12
36 0.13
37 0.13
38 0.14
39 0.15
40 0.16
41 0.17
42 0.18
43 0.19
44 0.20
45 0.21
46 0.23
47 0.24
48 0.25
49 0.27
50 0.29
51 0.30
52 0.32
53 0.34
54 0.36
55 0.38
56 0.40
57 0.43
58 0.45
59 0.48
60 0.51
61 0.54
62 0.57
63 0.61
64 0.64
65 0.68
66 0.72
67 0.76
68 0.81
69 0.86
70 0.91
71 0.96
72 1.02
73 1.08
74 1.14
75 1.21
76 1.28
77 1.36
78 1.44
79 1.52
80 1.62
81 1.71
82 1.81
83 1.92
84 2.04
85 2.16
86 2.28
87 2.42
88 2.56
89 2.72
90 2.88
91 3.05
92 3.23
93 3.42
94 3.63
95 3.84
96 4.07
97 4.31
98 4.57
99 4.84
100 5.13
101 5.43
102 5.76
103 6.10
104 6.46
105 6.85
106 7.25
107 7.68
108 8.14
109 8.62
110 9.14
111 9.68
112 10.3
113 10.9
114 11.5
115 12.2
116 12.9
117 13.7
118 14.5
119 15.4
120 16.3
121 17.2
122 18.3
123 19.4
124 20.5
125 21.7
126 23.0
127 24.4
