0 0
1 0.8
2 1.6
3 2.3
4 3.1
5 3.9
6 4.7
7 5.5
8 6.3
9 7.0
10 7.8
11 8.6
12 9.4
13 10.2
14 10.9
15 11.7
16 12.5
17 13.3
18 14.1
19 14.8
20 15.6
21 16.4
22 17.2
23 18.0
24 18.8
25 19.5
26 20.3
27 21.1
28 21.9
29 22.7
30 23.4
31 24.2
32 25.0
33 25.8
34 26.6
35 27.3
36 28.1
37 28.9
38 29.7
39 30.5
40 31.3
41 32.0
42 32.8
43 33.6
44 34.4
45 35.2
46 35.9
47 36.7
48 37.5
49 38.3
50 39.1
51 39.8
52 40.6
53 41.4
54 42.2
55 43.0
56 43.8
57 44.5
58 45.3
59 46.1
60 46.9
61 47.7
62 48.4
63 49.2
64 50.0
65 50.8
66 51.6
67 52.3
68 53.1
69 53.9
70 54.7
71 55.5
72 56.3
73 57.0
74 57.8
75 58.6
76 59.4
77 60.2
78 60.9
79 61.7
80 62.5
81 63.3
82 64.1
83 64.8
84 65.6
85 66.4
86 67.2
87 68.0
88 68.8
89 69.5
90 70.3
91 71.1
92 71.9
93 72.7
94 73.4
95 74.2
96 75.0
97 75.8
98 76.6
99 77.3
100 78.1
101 78.9
102 79.7
103 80.5
104 81.3
105 82.0
106 82.8
107 83.6
108 84.4
109 85.2
110 85.9
111 86.7
112 87.5
113 88.3
114 89.1
115 89.8
116 90.6
117 91.4
118 92.2
119 93.0
120 93.8
121 94.5
122 95.3
123 96.1
124 96.9
125 97.7
126 98.4
127 100.
