0 0.5
1 0.7
2 1.0
3 1.3
4 1.5
5 1.8
6 2.1
7 2.3
8 2.6
9 2.9
10 3.2
11 3.5
12 3.9
13 4.2
14 4.6
15 4.9
16 5.3
17 5.7
18 6.1
19 6.6
20 7.0
21 7.5
22 8.0
23 8.5
24 9.1
25 9.7
26 10
27 11
28 12
29 13
30 13
31 14
32 15
33 16
34 17
35 19
36 20
37 21
38 23
39 24
40 26
41 28
42 30
43 32
44 35
45 37
46 40
47 43
48 47
49 51
50 55
51 59
52 64
53 69
54 75
55 81
56 88
57 95
58 103
59 112
60 122
61 132
62 143
63 156
64 170
65 185
66 201
67 219
68 238
69 260
70 283
71 308
72 336
73 367
74 400
75 436
76 476
77 520
78 576
79 619
80 676
81 738
82 806
83 881
84 962
85 1100
86 1100
87 1300
88 1400
89 1500
90 1600
91 1800
92 2000
93 2100
94 2300
95 2600
96 2800
97 3100
98 3300
99 3700
100 4000
101 4400
102 4800
103 5200
104 5700
105 6300
106 6800
107 7500
108 8200
109 9000
110 9800
111 10700
112 11700
113 12800
114 14000
115 15300
116 16800
117 18300
118 20100
119 21900
120 24000
121 26300
122 28700
123 31400
124 34400
125 37600
126 41100
127 45000
