0 10
1 11
2 12
3 12
4 13
5 14
6 15
7 15
8 16
9 17
10 18
11 19
12 21
13 22
14 23
15 24
16 26
17 28
18 29
19 31
20 33
21 35
22 37
23 39
24 41
25 44
26 46
27 49
28 52
29 55
30 58
31 62
32 65
33 69
34 73
35 78
36 82
37 87
38 92
39 98
40 104
41 110
42 117
43 123
44 131
45 139
46 147
47 156
48 165
49 175
50 185
51 196
52 208
53 220
54 233
55 247
56 262
57 277
58 294
59 311
60 330
61 349
62 370
63 392
64 415
65 440
66 466
67 494
68 523
69 554
70 587
71 622
72 659
73 698
74 740
75 784
76 831
77 880
78 932
79 988
80 1050
81 1110
82 1170
83 1240
84 1320
85 1400
86 1480
87 1570
88 1660
89 1760
90 1860
91 1980
92 2090
93 2220
94 2350
95 2490
96 2640
97 2790
98 2960
99 3140
100 3320
101 3520
102 3730
103 3950
104 4190
105 4430
106 4700
107 4980
108 5270
109 5590
110 5920
111 6270
112 6640
113 7040
114 7460
115 7900
116 8370
117 8870
118 9400
119 9960
120 10500
121 11200
122 11800
123 12500
124 13300
125 14100
126 14900
127 15800
