0   0.25
1   0.26
2   0.26
3   0.27
4   0.27
5   0.28
6   0.28
7   0.29
8   0.30
9   0.30
10  0.31
11  0.32
12  0.32
13  0.33
14  0.34
15  0.35
16  0.35
17  0.36
18  0.37
19  0.38
20  0.39
21  0.39
22  0.40
23  0.41
24  0.42
25  0.43
26  0.44
27  0.45
28  0.46
29  0.47
30  0.48
31  0.49
32  0.50
33  0.51
34  0.52
35  0.53
36  0.55
37  0.56
38  0.57
39  0.58
40  0.59
41  0.61
42  0.62
43  0.63
44  0.65
45  0.66
46  0.68
47  0.69
48  0.71
49  0.72
50  0.74
51  0.75
52  0.77
53  0.79
54  0.81
55  0.82
56  0.84
57  0.86
58  0.88
59  0.90
60  0.92
61  0.94
62  0.96
63  0.99
64  1.00
65  1.02
66  1.04
67  1.07
68  1.09
69  1.11
70  1.14
71  1.16
72  1.19
73  1.22
74  1.24
75  1.27
76  1.30
77  1.33
78  1.35
79  1.38
80  1.41
81  1.45
82  1.48
83  1.51
84  1.54
85  1.59
86  1.61
87  1.65
88  1.68
89  1.72
90  1.76
91  1.79
92  1.83
93  1.87
94  1.92
95  1.96
96  2.00
97  2.04
98  2.09
99  2.13
100 2.18
101 2.23
102 2.28
103 2.33
104 2.38
105 2.43
106 2.48
107 2.54
108 2.59
109 2.65
110 2.71
111 2.77
112 2.83
113 2.89
114 2.95
115 3.02
116 3.08
117 3.15
118 3.22
119 3.29
120 3.36
121 3.44
122 3.51
123 3.59
124 3.67
125 3.75
126 3.83
127 4.00
