0 1.0
1 1.1
2 1.2
3 1.3
4 1.4
5 1.5
6 1.6
7 1.7
8 1.9
9 2.0
10 2.2
11 2.3
12 2.5
13 2.7
14 2.9
15 3.2
16 3.4
17 3.7
18 4.0
19 4.3
20 4.7
21 5.0
22 5.4
23 5.9
24 6.3
25 6.8
26 7.4
27 8.0
28 8.6
29 9.3
30 10.
31 11.
32 12.
33 13.
34 14.
35 15.
36 16.
37 17.
38 19.
39 20.
40 22.
41 23.
42 25.
43 27.
44 30.
45 32.
46 34.
47 37.
48 40.
49 43.
50 47.
51 51.
52 55.
53 59.
54 64.
55 69.
56 74.
57 80.
58 87.
59 94.
60 101.
61 109.
62 118.
63 128.
64 138.
65 149.
66 161.
67 174.
68 187.
69 202.
70 219.
71 236.
72 255.
73 275.
74 295.
75 321.
76 347.
77 375.
78 405.
79 437.
80 472.
81 510.
82 550.
83 595.
84 642.
85 693.
86 749.
87 809.
88 874.
89 943.
90 1000.
91 1100.
92 1200.
93 1300.
94 1400.
95 1500.
96 1600.
97 1700.
98 1900.
99 2000.
100 2200.
101 2400.
102 2600.
103 2800.
104 3000.
105 3200.
106 3500.
107 3800.
108 4100.
109 4400.
110 4700.
111 5100.
112 5500.
113 6000.
114 6500.
115 7000.
116 7500.
117 8100.
118 8800.
119 9500.
120 10000.
121 11000.
122 12000.
123 13000.
124 14000.
125 15000.
126 16000.
127 18000.
