0 0.0248
1 0.0263
2 0.0278
3 0.0295
4 0.03125
5 0.0331
6 0.0351
7 0.0372
8 0.0394
9 0.0417
10 0.0442
11 0.0468
12 0.0496
13 0.0526
14 0.0557
15 0.0590
16 0.0625
17 0.0662
18 0.0702
19 0.0743
20 0.0787
21 0.0834
22 0.0884
23 0.0936
24 0.0992
25 0.1051
26 0.1114
27 0.1180
28 0.1250
29 0.1324
30 0.1403
31 0.1487
32 0.1575
33 0.1669
34 0.1768
35 0.1873
36 0.1984
37 0.2102
38 0.2227
39 0.2360
40 0.2500
41 0.2649
42 0.2806
43 0.2973
44 0.3150
45 0.3337
46 0.3536
47 0.3746
48 0.3969
49 0.4204
50 0.4454
51 0.4719
52 0.5000
53 0.5297
54 0.5612
55 0.5946
56 0.6300
57 0.6674
58 0.7071
59 0.7492
60 0.7937
61 0.8409
62 0.8909
63 0.9439
64 1.0000
65 1.0595
66 1.1225
67 1.1892
68 1.2599
69 1.3348
70 1.4142
71 1.4983
72 1.5874
73 1.6818
74 1.7818
75 1.8877
76 2.0000
77 2.1189
78 2.2449
79 2.3784
80 2.5198
81 2.6697
82 2.8284
83 2.9966
84 3.1748
85 3.3636
86 3.5636
87 3.7755
88 4.0000
89 4.2379
90 4.4898
91 4.7568
92 5.0397
93 5.3394
94 5.6569
95 5.9932
96 6.3496
97 6.7272
98 7.1272
99 7.5510
100 8.0000
101 8.8457
102 8.9797
103 9.5137
104 10.079
105 10.679
106 11.314
107 11.986
108 12.699
109 13.454
110 14.254
111 15.102
112 16.000
113 16.951
114 17.959
115 19.227
116 20.159
117 21.357
118 22.627
119 23.973
120 25.398
121 26.909
122 28.509
123 30.204
124 32.000
125 33.903
126 25.919
127 38.055
